1 0.408000 0.086317 0.424000 0.014706
0 0.752000 0.088235 0.022000 0.010230
2 0.418000 0.134910 0.687000 0.082481
3 0.422000 0.195652 0.641000 0.036445
4 0.423000 0.372123 0.684000 0.315857
4 0.427000 0.675831 0.683000 0.290921
5 0.614000 0.829923 0.022000 0.013427
5 0.720000 0.828645 0.104000 0.014706
8 0.805000 0.300512 0.079000 0.053708
8 0.804000 0.395780 0.077000 0.036445
8 0.807000 0.546036 0.083000 0.041560
8 0.803000 0.650256 0.068000 0.016624
8 0.808000 0.714194 0.081000 0.077366
8 0.811000 0.789003 0.078000 0.074169