1 0.431000 0.093350 0.424000 0.016624
0 0.771000 0.092072 0.024000 0.011509
2 0.434000 0.277494 0.687000 0.358696
3 0.439000 0.496164 0.650000 0.058184
4 0.441000 0.647698 0.702000 0.235934
4 0.438000 0.795396 0.686000 0.055627
5 0.722000 0.829923 0.122000 0.017903
8 0.816000 0.218670 0.076000 0.040921
8 0.817000 0.292839 0.079000 0.065857
8 0.816000 0.354859 0.077000 0.038363
8 0.814000 0.427749 0.074000 0.042199
8 0.822000 0.553069 0.072000 0.017263
8 0.825000 0.584399 0.088000 0.032609
8 0.821000 0.716752 0.082000 0.062020
8 0.822000 0.797954 0.081000 0.047954