1 0.417000 0.090153 0.422000 0.016624
0 0.758000 0.091432 0.025000 0.011509
2 0.422000 0.110614 0.702000 0.028772
4 0.424000 0.166880 0.697000 0.085038
4 0.425000 0.302430 0.688000 0.113171
4 0.427000 0.392583 0.685000 0.069054
4 0.425000 0.462276 0.693000 0.072251
4 0.426000 0.639386 0.690000 0.207161
4 0.429000 0.789642 0.696000 0.094629
3 0.425000 0.226982 0.655000 0.037724
3 0.426000 0.516624 0.657000 0.037084
5 0.739000 0.835678 0.075000 0.014066
8 0.802000 0.274297 0.062000 0.027494
8 0.810000 0.370844 0.081000 0.044118
8 0.814000 0.551790 0.082000 0.030051
8 0.809000 0.608696 0.074000 0.028772
8 0.812000 0.675831 0.080000 0.054987
8 0.811000 0.739130 0.082000 0.065857