0 0.255000 0.086317 0.031000 0.012148
1 0.602000 0.085678 0.396000 0.015985
2 0.585000 0.121483 0.694000 0.056905
3 0.586000 0.175831 0.665000 0.035806
3 0.592000 0.226982 0.338000 0.031330
3 0.586000 0.276215 0.660000 0.057545
6 0.280000 0.267263 0.021000 0.036445
6 0.291000 0.345269 0.089000 0.058824
4 0.588000 0.363811 0.694000 0.098465
4 0.580000 0.521739 0.708000 0.218031
4 0.579000 0.728900 0.703000 0.196292
5 0.879000 0.835678 0.099000 0.021100
8 0.194000 0.354859 0.066000 0.027494
8 0.200000 0.432864 0.067000 0.019821
8 0.186000 0.646419 0.062000 0.028133
8 0.188000 0.719949 0.079000 0.012148
8 0.192000 0.775575 0.081000 0.078005