0 0.262000 0.084399 0.022000 0.010870
1 0.604000 0.085678 0.398000 0.015345
2 0.591000 0.195013 0.703000 0.205882
4 0.584000 0.560742 0.711000 0.529412
5 0.897000 0.833760 0.068000 0.019182
8 0.192000 0.117647 0.068000 0.020460
8 0.202000 0.216752 0.088000 0.088875
8 0.199000 0.329284 0.090000 0.031330
8 0.200000 0.382353 0.085000 0.069693
8 0.200000 0.437980 0.085000 0.037724
8 0.196000 0.487852 0.089000 0.059463
8 0.193000 0.544118 0.091000 0.046675
8 0.191000 0.680946 0.093000 0.223785