1 0.414000 0.088875 0.411000 0.016624
0 0.753000 0.090793 0.023000 0.010870
2 0.415000 0.341432 0.696000 0.496164
3 0.427000 0.615090 0.688000 0.031330
3 0.425000 0.654731 0.311000 0.028772
3 0.426000 0.703325 0.648000 0.057545
6 0.127000 0.686061 0.034000 0.022379
6 0.134000 0.776854 0.086000 0.058184
4 0.427000 0.785806 0.680000 0.076726
5 0.651000 0.831202 0.044000 0.015345
5 0.745000 0.833760 0.069000 0.014706
8 0.800000 0.140026 0.083000 0.039003
8 0.805000 0.209079 0.085000 0.053708
8 0.801000 0.294118 0.085000 0.075448
8 0.804000 0.414962 0.085000 0.140665
8 0.808000 0.782609 0.081000 0.042839
7 0.771000 0.340793 0.017000 0.009591