1 0.392730 0.082623 0.349291 0.023987
2 0.280142 0.120469 0.498227 0.038380
3 0.413121 0.173241 0.296986 0.045309
4 0.419326 0.287313 0.763298 0.170576
4 0.427305 0.437633 0.759752 0.129531
4 0.433511 0.581023 0.757979 0.154051
4 0.437057 0.709488 0.765071 0.107143
4 0.463652 0.777186 0.721631 0.026652
5 0.766844 0.803305 0.120567 0.025586
0 0.762411 0.083156 0.052305 0.036780
0 0.859929 0.208955 0.048759 0.033582
0 0.871454 0.368870 0.043440 0.024520
0 0.872340 0.506930 0.046986 0.028252
0 0.890071 0.672175 0.034574 0.026119
0 0.890071 0.777719 0.052305 0.028785