1 0.412234 0.067164 0.351064 0.031450
2 0.408688 0.117804 0.749113 0.054371
4 0.414007 0.209488 0.752660 0.139126
4 0.423759 0.380597 0.752660 0.209488
4 0.433511 0.546908 0.748227 0.131130
4 0.445035 0.676972 0.750000 0.134861
5 0.455674 0.784115 0.398050 0.039979
5 0.563830 0.836887 0.096631 0.026119
5 0.743794 0.833689 0.172872 0.035714
0 0.778369 0.062900 0.037234 0.022388
0 0.851064 0.141791 0.043440 0.038380
0 0.862589 0.274520 0.043440 0.031450
0 0.875887 0.493070 0.040780 0.027719
0 0.892730 0.610341 0.052305 0.038380
0 0.897163 0.783582 0.061170 0.024520