2 0.592199 0.162580 0.750887 0.130597
1 0.598404 0.074627 0.515957 0.031450
0 0.133865 0.236141 0.052305 0.045309
0 0.135638 0.324627 0.055851 0.040512
0 0.142730 0.402985 0.058511 0.028252
0 0.138298 0.485608 0.060284 0.025586
0 0.138298 0.618337 0.061170 0.043710
0 0.146277 0.726546 0.068262 0.054371
4 0.593085 0.266525 0.748227 0.078358
4 0.589539 0.344883 0.757092 0.077292
4 0.585993 0.424840 0.759752 0.081023
4 0.588652 0.539979 0.760638 0.156183
4 0.586879 0.659382 0.759752 0.079957
4 0.587766 0.739339 0.757979 0.081557
5 0.931738 0.798507 0.065603 0.030917