1 0.430368 0.044892 0.459711 0.018885
0 0.787145 0.047678 0.039590 0.015170
2 0.254308 0.197523 0.363298 0.284211
4 0.253377 0.417647 0.356311 0.154799
4 0.255706 0.565015 0.356777 0.141176
4 0.255240 0.691331 0.357708 0.112693
4 0.256171 0.790093 0.358640 0.083901
4 0.253377 0.869969 0.362832 0.074923
4 0.628784 0.078947 0.354448 0.043963
4 0.629250 0.164396 0.355380 0.127245
4 0.631579 0.437771 0.362832 0.309598
4 0.631579 0.697833 0.356777 0.209598
4 0.630647 0.852941 0.355845 0.099690
3 0.606893 0.251703 0.309735 0.035604
3 0.627387 0.278328 0.204006 0.011765
5 0.745692 0.917337 0.158826 0.019505