1 0.807744 0.086656 0.085997 0.021318
1 0.383161 0.098837 0.033769 0.019657
0 0.702386 0.101606 0.049977 0.015227
2 0.397569 0.337763 0.733904 0.458195
3 0.694282 0.560354 0.129221 0.011905
6 0.110761 0.614618 0.118865 0.090255
4 0.397118 0.700443 0.736605 0.273533
5 0.679424 0.844684 0.080144 0.019934
7 0.017109 0.130122 0.020711 0.016888
7 0.016209 0.146733 0.022062 0.011628
7 0.018910 0.194629 0.020711 0.011628
7 0.021612 0.207364 0.022512 0.007475
7 0.021612 0.310631 0.019811 0.016058
7 0.020261 0.325305 0.022062 0.013566
7 0.018910 0.413621 0.020711 0.011628
7 0.019361 0.428018 0.018010 0.011628
7 0.034669 0.607973 0.018910 0.015227