0 0.203244 0.043683 0.048187 0.018856
0 0.165553 0.584224 0.037691 0.021056
0 0.955153 0.273413 0.038168 0.019485
1 0.540076 0.039283 0.439885 0.021684
2 0.367844 0.312068 0.372137 0.517599
2 0.751908 0.164991 0.378340 0.226587
2 0.753340 0.755185 0.376431 0.201131
4 0.369275 0.591138 0.366412 0.043055
4 0.753817 0.446574 0.373092 0.330610
4 0.365935 0.785041 0.367844 0.260528
4 0.754294 0.885607 0.377385 0.059711
3 0.552481 0.635135 0.445611 0.032998
8 0.969943 0.884978 0.051050 0.050597
5 0.910782 0.923947 0.066317 0.010685
6 0.214695 0.688875 0.045324 0.056882