0 0.225332 0.043682 0.065939 0.017473
2 0.378083 0.202184 0.386148 0.304524
2 0.763283 0.261778 0.378083 0.418409
1 0.575901 0.039938 0.474383 0.022153
4 0.374763 0.518253 0.373340 0.325117
4 0.371917 0.738534 0.368596 0.113573
4 0.370019 0.854602 0.367647 0.118565
4 0.762334 0.655226 0.370968 0.341966
4 0.760911 0.897972 0.383776 0.030577
3 0.766129 0.478003 0.235294 0.013729
3 0.753321 0.850234 0.365275 0.035569
3 0.757590 0.875195 0.183112 0.017473
8 0.135674 0.902652 0.082068 0.034321
5 0.911290 0.919501 0.075901 0.014665