1 0.563895 0.036444 0.496912 0.020735
0 0.211876 0.042727 0.047981 0.018222
2 0.371971 0.195727 0.370546 0.288721
2 0.757245 0.191643 0.372447 0.285894
4 0.377197 0.457430 0.362945 0.240025
4 0.379572 0.744581 0.366746 0.329877
4 0.760095 0.426956 0.370546 0.186931
4 0.763895 0.716305 0.368646 0.394596
8 0.147268 0.316054 0.080760 0.033930
8 0.151069 0.361609 0.082660 0.037386
8 0.152494 0.662897 0.086936 0.049325
8 0.967696 0.358467 0.049406 0.028904
8 0.973397 0.394910 0.049406 0.028904
8 0.969596 0.537857 0.053207 0.032674
5 0.914014 0.922086 0.103088 0.020107