1 0.431574 0.049394 0.470808 0.022678
0 0.788884 0.053433 0.045773 0.018329
2 0.254554 0.259087 0.363849 0.397328
2 0.630546 0.224293 0.363849 0.324635
3 0.261093 0.465983 0.236805 0.012116
3 0.631948 0.404163 0.274638 0.023299
3 0.584773 0.418453 0.269500 0.022678
3 0.631014 0.436782 0.192433 0.011494
4 0.258291 0.693383 0.362447 0.440199
4 0.633816 0.633427 0.365250 0.376825
4 0.632882 0.865797 0.354974 0.085741
8 0.850537 0.844983 0.077534 0.048152
5 0.706679 0.915502 0.042971 0.017397
5 0.785147 0.916123 0.056049 0.018639