1 0.803869 0.080596 0.100765 0.027601
1 0.379667 0.092189 0.034638 0.019321
0 0.702204 0.095777 0.044085 0.014353
2 0.389114 0.213635 0.727395 0.223020
3 0.693657 0.319901 0.131804 0.012973
6 0.101664 0.370135 0.127755 0.090533
4 0.398111 0.574386 0.727845 0.503174
5 0.681062 0.834391 0.071975 0.021529
7 0.013945 0.136627 0.018893 0.012697
7 0.011246 0.149600 0.016194 0.013801
7 0.012596 0.173061 0.015744 0.012973
7 0.012146 0.186862 0.012146 0.011317
7 0.014845 0.198178 0.016194 0.009661
7 0.015744 0.211979 0.016644 0.011593
7 0.032389 0.597847 0.021592 0.017941
7 0.030139 0.780293 0.026091 0.014353