1 0.430238 0.049241 0.468035 0.022298
0 0.787214 0.052338 0.047130 0.017653
2 0.244984 0.105605 0.376108 0.087334
2 0.626692 0.340353 0.377042 0.553112
4 0.245917 0.269743 0.362576 0.239083
4 0.251517 0.652834 0.364909 0.527098
4 0.636491 0.722205 0.366776 0.210592
4 0.635091 0.871168 0.359309 0.087953
8 0.022399 0.174357 0.045264 0.027563
8 0.032198 0.410034 0.064862 0.030040
8 0.863742 0.585321 0.087261 0.015175
8 0.851143 0.845463 0.074662 0.031589
8 0.840877 0.625271 0.062063 0.020130
5 0.795614 0.920099 0.041064 0.014246