0 0.219852 0.054379 0.052876 0.021179
4 0.568646 0.342873 0.750464 0.285060
4 0.572356 0.542072 0.743970 0.111048
4 0.570501 0.626789 0.739332 0.054951
4 0.568646 0.681168 0.740260 0.054951
4 0.565863 0.811677 0.745826 0.085289
4 0.568646 0.869491 0.747681 0.032055
1 0.586271 0.050944 0.423006 0.023469
6 0.290353 0.260446 0.183673 0.113910
3 0.544527 0.161420 0.267161 0.026903
3 0.568646 0.737836 0.736549 0.056669
5 0.859926 0.896966 0.170686 0.032055
13 0.575139 0.107041 0.780148 0.070979