1 0.555608 0.034052 0.476236 0.020931
0 0.202471 0.041550 0.043251 0.015933
2 0.367395 0.199625 0.371198 0.301156
4 0.372148 0.478600 0.366920 0.256482
4 0.375000 0.684161 0.365494 0.155264
4 0.376901 0.833802 0.362643 0.144955
4 0.760456 0.391440 0.382605 0.695408
4 0.766160 0.820056 0.378327 0.177757
8 0.134506 0.143080 0.081749 0.044674
8 0.140209 0.367385 0.082700 0.029053
8 0.147338 0.619494 0.082700 0.017495
8 0.149240 0.786317 0.085551 0.048422
8 0.965304 0.057482 0.066065 0.036239
8 0.970532 0.169322 0.057985 0.027491
8 0.977186 0.766323 0.045627 0.052796
5 0.890209 0.914714 0.130228 0.018432