1 0.448437 0.040608 0.463369 0.021389
2 0.257583 0.417235 0.383108 0.736826
2 0.632291 0.112523 0.362576 0.115933
4 0.260849 0.845629 0.364909 0.132362
4 0.633691 0.295412 0.361176 0.225976
4 0.638824 0.656851 0.366776 0.498450
3 0.630891 0.176999 0.214186 0.014259
0 0.791414 0.042467 0.040597 0.017359
8 0.860009 0.222257 0.084461 0.036578
8 0.862809 0.292932 0.084461 0.035028
8 0.861876 0.352759 0.088194 0.070366
8 0.862343 0.443273 0.082128 0.035338
8 0.858143 0.738686 0.071395 0.031618
8 0.860476 0.826720 0.072795 0.031928
5 0.756416 0.912275 0.139991 0.014569