1 0.443357 0.046793 0.545921 0.018593
0 0.056876 0.072823 0.065734 0.049272
0 0.065734 0.353579 0.034499 0.021692
0 0.802331 0.050821 0.050350 0.018593
0 0.856410 0.278897 0.052214 0.024171
0 0.061072 0.885342 0.039627 0.013945
0 0.862471 0.783700 0.061538 0.026030
6 0.157110 0.098853 0.112821 0.078091
6 0.525408 0.807251 0.102098 0.070654
4 0.265268 0.197397 0.376690 0.282306
4 0.263403 0.604896 0.368765 0.534862
4 0.266200 0.894019 0.359907 0.043694
4 0.643823 0.508212 0.356177 0.486520
4 0.640093 0.840409 0.358508 0.143477
2 0.651748 0.161760 0.381352 0.203905
3 0.639161 0.764177 0.142657 0.015494
5 0.671795 0.919740 0.042424 0.016114
5 0.777622 0.922839 0.084848 0.017354